   1 194   1   0  0.2247007E+02  0.3000000E+03
  CAR 
 unknown system                          
   0   0   0
   1   1
 256 256 256
 256
  0.1000000E-09
  0.3906250E-11
 300
  0.2000000E-13  0.1546430E-08  0.1546430E-08  0.2104820E-08
  0.3296762E+04  0.3296762E+04
  0.000  0.000  0.000  0.000  0.000  0.000  0.000  0.000  0.000  0.000  0.000
  0.000  0.000  0.000  0.000  0.000  0.000  0.000  0.000  0.000  0.000  0.000
  0.000  0.000  0.000  0.000  0.000  0.000  0.000  0.000  0.000  0.000  0.000
  0.000  0.000  0.000  0.000  0.000  0.000  0.000  0.000  0.000  0.000  0.000
  0.000  0.000  0.000  0.000  0.000  0.000  0.000  0.000  0.000  0.000  0.000
  0.000  0.000  0.000  0.000  0.000  0.000  0.000  0.000  0.000  0.000  0.000
  0.000  0.000  0.000  0.000  0.000  0.000  0.000  0.000  0.000  0.000  0.000
  0.000  0.000  0.000  0.000  0.000  0.000  0.000  0.000  0.000  0.000  0.000
  0.000  0.000  0.000  0.000  0.000  0.000  0.000  0.000  0.000  0.000  0.000
  0.000  0.000  0.000  0.000  0.000  0.000  0.000  0.000  0.000  0.000  0.000
  0.000  0.000  0.000  0.000  0.000  0.000  0.000  0.000  0.000  0.000  0.000
  0.000  0.000  0.000  0.000  0.000  0.000  0.000  0.000  0.000  0.000  0.000
  0.000  0.000  0.000  0.000  0.000  0.000  0.000  0.000  0.000  0.000  0.000
  0.000  0.000  0.000  0.000  0.000  0.000  0.000  0.000  0.000  0.000  0.000
  0.000  0.000  0.000  0.000  0.000  0.000  0.000  0.000  0.000  0.000  0.000
  0.000  0.000  0.000  0.000  0.000  0.000  0.000  0.000  0.000  0.000  0.000
  0.000  0.000  0.000  0.000  0.000  0.000  0.000  0.000  0.000  0.000  0.000
  0.000  0.000  0.000  0.000  0.000  0.000  0.000  0.000  0.000  0.000  0.000
  0.000  0.000  0.000  0.000  0.000  0.000  0.000  0.000  0.000  0.000  0.000
  0.000  0.000  0.000  0.000  0.000  0.000  0.000  0.000  0.000  0.000  0.000
  0.000  0.000  0.000  0.000  0.000  0.000  0.000  0.000  0.000  0.000  0.000
  0.000  0.000  0.000  0.000  0.000  0.000  0.000  0.000  0.000  0.000  0.000
  0.000  0.000  0.000  0.000  0.000  0.000  0.000  0.000  0.000  0.000  0.000
  0.000  0.000  0.000  0.000  0.000  0.000  0.000  0.000  0.000  0.000  0.000
 20.607  0.000  0.000  0.000  0.000  0.000  0.000  0.000  0.000 82.156  0.000
  0.000  0.000  0.000  0.000  0.000  0.000  0.000  0.000  0.000  0.000  0.000
  0.440  0.000  0.000  0.000  0.000  0.000  0.000  0.000  0.000  1.756  0.000
  0.000  0.000  0.000  0.000  0.000  0.000  0.000  0.000  0.000  0.000  0.000
  0.381  0.000  0.000  0.000  0.000  0.000  0.000  0.000  0.000  0.000  8.956
  0.000  0.000  0.000  0.000  0.000  0.000  0.000  0.000  0.000  0.000  0.000
  0.000  0.000  0.000  0.000  0.000  0.000  0.000  0.000  0.000  0.000  0.000
  0.312  0.000  0.000  0.000  0.000  0.000  0.000  0.000  0.000  1.243  0.000
  0.000  0.000  0.000  0.000  0.000  0.000  0.000  0.000  0.000  0.000  0.000
  0.276  0.000  0.000  0.000  0.000  0.000  0.000  0.000  0.000  1.099  0.000
  0.000  0.000  0.000  0.000  0.000  0.000  0.000  0.000  0.000  0.000  0.000
  0.245  0.000  0.000  0.000  0.000  0.000  0.000  0.000  0.000  0.978  0.000
  0.000  0.000  0.000  0.000  0.000  0.000  0.000  0.000  0.000  0.000  0.000
  0.220  0.000  0.000  0.000  0.000  0.000  0.000  0.000  0.000  0.877  0.000
  0.209  0.000  0.000  0.000  0.000  0.000  0.000  0.000  0.000  0.832  0.000
  4.162  0.000  0.000  0.000  0.000  0.000  0.000  0.000  0.000  0.000 97.910
  0.189  0.000  0.000  0.000  0.000  0.000  0.000  0.000  0.000  0.752  0.000
  0.000  0.000  0.000  0.000  0.000  0.000  0.000  0.000  0.000  0.000  0.000
  0.000  0.000  0.000  0.000  0.000  0.000  0.000  0.000  0.000  0.000  0.000
  0.000  0.000  0.000  0.000  0.000  0.000  0.000  0.000  0.000  0.000  0.000
  1.093  0.000  0.000  0.000  0.000  0.000 24.906  0.000  0.000  0.000 11.021
  1.344  0.000  0.000  0.000  0.000  0.000 47.646  0.000  0.000  0.596  0.000
  1.859  0.000  0.000  0.000  0.000  0.000 22.809  0.000  0.773  1.140 16.822
  0.137  0.000  0.000  0.000  0.000  0.000  0.000  0.000  0.370  0.000  0.000
  0.000  0.000  0.000  0.000  0.000  0.000  0.000  0.000  0.000  0.000  0.000
  0.126  0.000  0.000  0.000  0.000  0.000  0.000  0.000  0.000  0.503  0.000
  0.485  0.000  0.000  0.000  0.000  0.000  0.000  0.000  0.656  0.967  0.000
  0.583  0.000  0.000  0.000  0.000  0.000  0.000  0.000  0.315  0.465  8.228
  0.112  0.000  0.000  0.000  0.000  0.000  0.000  0.000  0.000  0.447  0.000
  0.540  0.000  0.000  0.000  0.000  0.000 12.923  0.000  0.292  0.000  2.542
  0.416  0.000  0.000  0.000  0.000  0.000 16.605  0.000  0.000  0.000  0.000
  0.502  0.000  0.000  0.000  0.000  0.000  4.003  0.000  0.271  1.201  0.000
  0.097  0.000  0.000  0.000  0.000  0.000  0.000  0.000  0.000  0.000  2.279
  1.122  0.000  0.000  0.932  0.000  0.000  0.000  0.000  0.759  0.373 13.202
  0.361  0.000  0.000  0.901  0.000  0.000  0.000  0.000  0.000  0.360  2.126
  2.795  0.000  0.000 12.190  0.000  0.000  0.000  0.000  0.000  0.697  4.110
 14.364  0.000  0.000 70.320  0.000  0.000  0.000  0.000  0.228  0.337  1.987
  2.208  0.000  0.000  9.780  0.000  0.000  0.000  0.000  0.000  0.326  3.847
  1.029  0.000  0.000  4.340  0.000  0.000  0.000  0.000  0.214  0.000  1.862
  0.997  0.000  0.000  1.529  0.000  0.000  0.000  0.000  1.451  0.306  1.804
  0.966  0.000  0.000  1.111  0.000  0.000  0.000  0.000  1.005  0.889  3.497
  0.649  0.000  0.000  1.437  0.000  0.000  0.000  0.000  0.195  1.150  0.000
  1.049  0.000  0.000  0.349  0.000  0.000  2.788  0.000  1.512  1.394  0.000
  0.679  0.000  0.000  0.000  0.000  0.000  0.000  0.000  1.468  0.541  0.000
  1.450  0.000  0.000  0.000  0.000  0.000  0.000  0.000  3.207  0.526  3.101
  9.412  0.000  0.000  0.000  0.000  0.000  0.000  0.000 25.267  0.255  0.000
  2.240  0.000  0.000  0.000  0.000  0.000  0.000  0.000  5.550  0.496  1.464
  1.028  0.000  0.000  0.000  0.000  0.000  0.000  0.000  1.799  0.482  5.692
  0.765  0.000  0.000  0.000  0.000  0.000  0.000  6.920  1.113  0.938  1.384
  0.859  0.000  0.000  0.000  0.000  0.000  0.000  0.000  0.619  0.913  9.426
  0.501  0.000  0.000  0.000  0.000  0.000  0.000  0.000  0.602  0.889  1.311
  0.109  0.000  0.000  0.000  0.000  0.000  0.000  0.000  0.000  0.433  0.000
  0.370  0.000  0.000  0.000  0.000  0.000  0.000  0.000  0.286  0.632  2.486
  0.360  0.000  0.000  0.000  0.000  0.000  0.000  0.000  0.000  1.026  2.422
  0.201  0.000  0.000  0.000  0.000  0.000  0.000  0.000  0.271  0.400  0.000
  0.489  0.000  0.000  0.000  0.000  0.000  0.000  0.000  0.265  0.975  3.453
  0.430  0.000  0.000  0.000  0.000  0.000  0.000  5.613  0.258  0.381  4.490
  0.372  0.000  0.000  0.000  0.000  0.000  0.000  0.000  0.378  0.743  1.095
  0.227  0.000  0.000  0.000  0.000  0.000  0.000  0.000  0.246  0.543  0.000
  0.577  0.000  0.000  0.000  0.000  0.000  0.000  0.000  0.480  1.238  2.087
  0.433  0.000  0.000  0.000  0.000  0.000  0.000  5.094  0.468  0.345  3.057
  0.296  0.000  0.000  0.000  0.000  0.000  0.000  0.000  0.572  0.000  1.990
  0.579  0.000  0.000  0.824  0.000  0.000  1.648  0.000  0.447  0.659  0.972
  0.687  0.000  0.000  0.403  0.000  0.000  1.610  4.751  0.546  0.322  5.701
  0.434  0.000  0.000  0.197  0.000  0.000  1.574  0.000  0.213  0.630  2.786
  0.425  0.000  0.000  0.385  0.000  0.000  0.000  0.000  0.522  0.616  0.000
  0.227  0.000  0.000  0.376  0.000  0.000  0.000  4.441  0.102  0.151  0.888
  0.332  0.000  0.000  0.000  0.000  0.000  1.473  0.000  0.399  0.442  0.869
  0.506  0.000  0.000  0.180  0.000  0.000  2.882  0.000  0.391  0.288  4.251
  0.531  0.000  0.000  0.176  0.000  0.000  0.000  0.000  0.478  0.423  4.993
  0.519  0.000 15.274  0.000  0.000  0.000  2.761  0.000  0.374  0.552  1.629
  0.916  0.000 19.941  0.000  0.000  0.000  0.000  0.000  1.283  0.676  3.191
  1.129  7.324  4.883  0.000  0.000  0.000  1.324  3.906  1.257  0.927  3.125
  2.147 16.740  4.783  0.162  0.000  0.000  3.891  0.000  2.726  1.556  3.061
 10.997 77.324  9.373  0.000  0.000149.962  0.000  0.000 22.919  0.508  3.749
  2.905 36.741  4.593  0.156  0.000  0.000  0.000  0.000  4.222  0.623  2.939
  1.194 15.756  0.000  0.000  0.000  0.000  0.000  0.000  1.407  0.610  2.161
  0.931 11.033  0.000  0.299  0.441  0.000  0.000  0.000  1.217  0.239  0.706
  0.824  2.164  0.000  0.440  0.000  0.000  0.000  3.462  0.875  0.587  4.155
  0.635  0.000  0.000  0.288  0.000  0.000  0.000  0.000  0.312  1.151  4.075
  0.453  0.000  0.000  0.565  0.000  0.000  0.000  6.662  0.459  0.339  0.666
  0.889  0.000  0.000  0.415  0.817  0.000  0.000  3.268  0.676  1.329  3.268
  0.736  0.000  0.000  0.136  0.000  0.000  0.000  0.000  0.663  0.870  5.773
  0.348  0.000  0.000  0.533  0.000  0.000  1.067  3.148  0.145  0.533  0.000
  0.315  0.000  0.000  0.393  0.000  0.000  0.000  0.000  0.213  0.628  0.000
  0.671  0.000  0.000  0.129  0.000  0.000  2.057  3.034  0.697  0.411  4.854
  0.532  0.000  0.000  0.000  0.000  0.000  2.020  2.979  0.479  0.707  2.383
  0.572  0.000  0.000  0.248  0.366  0.000  1.984  5.852  0.336  0.694  2.341
  0.758  0.000  0.000  0.609  0.000  0.000  8.768  0.000  0.198  0.974  2.299
  0.624  0.000  0.000  0.718  0.000  0.000  4.786  0.000  0.260  0.574  2.824
  1.368  0.000  0.000  4.115  0.000  0.000  0.941  2.774  0.510  0.846  2.220
  2.898  0.000  0.000 11.554  0.000  0.000  7.394  0.000  0.125  1.109  1.636
  8.477  0.000  0.000 40.087  0.000  0.000  7.268  0.000  0.308  0.363  1.072
  1.590  0.000  0.000  5.582  0.000  0.000  2.679  0.000  0.303  0.804  2.108
  1.013  0.000  0.000  2.415  0.324  0.000  3.512  2.590  0.238  0.790  2.590
  0.650  0.000  0.000  0.863  0.000  0.000  0.000  0.000  0.702  0.604  1.528
  1.278  0.000  0.000  0.425  0.000  0.000  0.000  2.505  2.476  0.679  2.004
  3.394  0.000  0.000  0.209  0.000  0.000  0.000  0.000  8.268  0.752  2.464
  0.598  0.000  0.000  0.205  0.303  0.000  0.822  2.424  0.724  0.740  0.970
  0.750  0.000  0.000  0.606  0.000  0.000  0.808  4.770  0.767  0.566  3.339
  0.638  0.000  0.000  0.000  0.000  0.000  0.000  0.000  0.755  0.636  4.693
  0.452  0.000  0.000  0.000  0.577  0.000  0.000  0.000  0.690  0.391  1.386
  0.657  0.000  0.000  0.385  0.000  0.000  1.541  0.000  0.784  0.385  3.637
  0.457  0.000  0.000  0.474  0.000  0.000  0.758  0.000  0.257  0.758  1.343
  0.412  0.000  0.000  0.280  0.551  0.000  0.000  2.203  0.354  0.597  0.441
  0.535  0.000  0.000  0.551  0.000  0.000  2.206  0.000  0.349  0.441  3.037
  0.436  0.000  0.000  0.362  0.267  0.000  0.724  0.000  0.442  0.507  0.854
  0.554  0.000  0.000  0.178  0.263  0.000  0.000  2.104  0.628  0.784  1.262
  0.264  0.000  0.000  0.088  0.000  0.000  0.702  2.072  0.238  0.421  0.414
  0.469  0.000  0.000  0.086  0.000  0.000  1.384  0.000  0.563  0.761  0.408
  0.359  0.000  0.000  0.085  0.000  0.000  0.000  4.021  0.416  0.477  0.804
  0.758  0.000  0.000  0.000  0.000  0.000  0.000  1.981  0.728  1.007  5.151
  0.631  0.000 12.201  0.248  0.000  0.000  0.000  5.857  0.628  0.463  2.343
  0.458  0.000  9.620  0.163  0.000  0.000  0.652  1.924  0.486  0.326  1.539
  0.677  1.185  2.370  0.161  0.000  0.000  0.643  1.896  0.610  0.964  2.275
  2.066  8.762  2.336  0.158  0.000  0.000  0.000  3.738  4.124  0.570  1.869
  1.222 10.941  0.000  0.156  0.000  0.000  0.625  0.000  1.821  0.812  0.000
  0.695  4.542  2.271  0.154  0.454  0.000  0.000  3.633  0.710  0.677  0.727
  0.624  2.239  0.000  0.000  0.224  0.000  2.429  0.000  0.659  0.546  2.508
  0.811  0.000  0.000  0.150  0.221  0.000  1.796  0.000  0.731  1.257  3.180
  0.518  0.000  0.000  0.000  0.000  0.000  0.000  0.000  0.801  0.768  0.697
  0.394  0.000  0.000  0.146  0.215  0.000  0.000  1.718  0.474  0.524  0.687
  0.360  0.000  0.000  0.000  0.000  0.000  0.000  5.084  0.273  0.632  1.356
  0.412  0.000  0.000  0.213  0.000  0.000  0.567  1.672  0.346  0.680  1.003
  0.645  0.000  0.000  0.489  0.000  0.000  2.796  0.000  0.531  0.839  1.649
  0.830  0.000  0.000  1.103  0.000  0.000  4.413  1.627  0.524  0.607  3.255
  0.847  0.000  0.000  1.769  0.602  0.000  3.811  0.000  0.554  0.327  1.606
  1.321  0.000  0.000  3.895  0.198  0.000  1.074  3.170  0.656  0.537  2.219
  4.734  0.000  0.000 20.810  0.000  0.000  1.060  4.692  0.755  0.636  1.251
  1.444  0.000  0.000  4.121  0.000  0.000  0.523  1.544  0.781  0.680  3.088
  1.153  0.000  0.000  2.776  0.000  0.000  0.517  3.048  1.051  0.465  1.219
  1.752  0.000  0.000  1.211  0.188  0.000  0.510  3.009  3.250  0.714  1.805
  5.341  0.000  0.000  0.252  0.186  0.000  0.503  1.485 13.414  0.755  2.376
  1.346  0.000  0.000  0.497  0.550  0.000  0.497  4.399  2.561  0.547  1.760
  0.726  0.000  0.000  0.491  0.000  0.000  0.982  1.448  0.932  0.785  1.158
  0.523  0.000  0.000  0.182  0.179  0.000  0.485  1.430  0.690  0.533  1.430
  0.528  0.000  0.000  0.419  0.000  0.000  0.479  4.236  0.584  0.622  0.565
  0.462  0.000  0.000  0.532  0.349  0.000  0.473  0.000  0.481  0.236  1.952
  0.539  0.000  0.000  0.175  0.172  0.000  0.934  1.377  0.412  1.027  1.102
  0.266  0.000  0.000  0.115  0.170  0.000  0.000  0.000  0.219  0.369  1.361
  0.366  0.000  0.000  0.057  0.168  0.000  0.456  1.344  0.247  0.729  1.075
  0.339  0.000  1.660  0.113  0.000  0.000  0.450  2.656  0.214  0.630  0.797
  0.502  0.000  1.640  0.167  0.000  0.000  1.334  0.000  0.392  0.801  1.837
  0.717  0.000 12.965  0.110  0.324  0.000  1.318  2.593  0.626  0.879  1.815
  0.741  0.801 11.210  0.163  0.641  0.000  0.000  0.000  0.707  0.782  2.562
  0.829  5.143  7.913  0.429  0.791  0.000  1.288  0.000  0.727  0.601  1.013
  1.575  7.820 10.948  0.424  0.313 50.050  0.848  1.251  2.588  0.551  0.751
  5.573 42.125  6.184  0.210  0.618  0.000  1.258  2.473 11.113  0.377  0.989
  1.403 10.696  4.584  0.259  0.153  0.000  0.414  1.222  1.910  1.119  0.244
  0.904  6.797  0.000  0.358  0.302  0.000  0.819  0.000  0.778  0.860  2.417
  0.589  0.747  0.000  0.405  0.000  0.000  1.215  0.000  0.796  0.607  0.239
  0.452  0.000  0.000  0.100  0.443  0.000  0.400  1.181  0.597  0.520  0.709
  0.526  0.000  0.000  0.198  0.438  0.000  0.396  0.000  0.510  0.673  2.102
  0.569  0.000  0.000  0.587  0.289  0.000  0.391  3.464  0.398  0.822  0.924
  0.612  0.000  0.000  0.387  0.571  0.000  7.740  1.142  0.341  0.580  0.457
  0.873  0.000  0.000  0.813  0.847  0.000  7.271  3.387  0.415  0.574  3.387
  1.063  0.000  0.000  2.555  0.000  0.000  3.406  3.349  0.411  0.757  2.233
  3.154  0.000  0.000 13.334  0.276  0.000  2.620  1.104  0.381  0.561  2.429
  1.690  0.000  0.000  6.016  0.546  0.000  2.591  2.184  0.427  0.666  0.874
  1.111  0.000  0.000  2.838  0.540  0.000  1.831  5.401  0.521  0.659  1.296
  0.536  0.000  0.000  0.815  0.134  0.000  0.724  0.000  0.344  0.688  1.069
  0.593  0.000  0.000  0.448  0.132  0.000  1.075  0.000  0.462  0.788  2.326
  0.596  0.000  0.000  0.487  0.523  0.000  0.709  3.137  0.433  0.638  2.301
  0.563  0.000  0.000  0.570  0.259  0.000  0.000  1.035  0.333  0.947  1.449
  0.400  0.000  0.000  0.217  0.384  0.000  0.000  2.047  0.306  0.659  0.819
  0.525  0.000  0.000  0.215  0.253  0.000  0.343  2.026  0.419  0.755  2.228
  0.597  0.000  0.000  0.425  0.501  0.000  0.000  0.000  0.507  1.019  0.802
  0.439  0.000  0.000  0.252  0.496  0.000  0.336  0.000  0.365  0.740  0.595
  0.409  0.000  0.000  0.166  0.245  0.000  0.333  0.000  0.338  0.665  1.374
  0.653  0.607  2.429  0.370  0.729  0.000  0.659  2.914  0.580  0.659  1.749
  0.499  0.300  3.606  0.163  0.240  0.000  0.326  1.923  0.530  0.554  1.346
  0.639  0.595  3.569  0.242  0.476  0.000  0.968  0.952  0.809  0.581  0.952
  0.825  1.472  4.710  0.559  0.707 37.682  0.639  0.942  0.909  0.607  1.507
  2.656 18.942  0.000  0.435  0.933  0.000  0.316  0.933  4.736  0.790  0.560
  1.013  3.173  0.000  0.156  0.577  0.000  0.313  2.769  1.231  1.001  2.769
  0.622  1.428  0.000  0.387  0.343 36.557  0.000  0.914  0.609  0.775  0.914
  0.562  0.566  0.000  0.192  0.226  0.000  0.000  2.714  0.561  0.736  1.810
  0.632  0.840  0.000  0.152  0.672  0.000  0.607  0.896  0.515  0.881  2.329
  0.634  0.000  0.000  0.301  0.554  0.000  1.503  0.000  0.530  0.842  2.129
  0.672  0.000  0.000  0.372  0.659  0.000  4.466  0.000  0.484  0.774  1.581
  0.836  0.000  0.000  0.848  0.435  0.000  5.307  1.740  0.640  0.914  0.522
  1.011  0.000  0.000  2.190  0.215  0.000  5.256  0.000  0.495  0.496  2.756
  1.683  0.000  0.000  5.639  0.427  0.000  2.602  1.706  0.725  0.607  0.512
  3.764  0.000  0.000 15.965  0.317  0.000  1.432  0.000  0.738  0.659  1.521
  1.366  0.000  0.000  2.588  0.628  0.000  1.418  0.000  1.192  0.851  2.678
  3.192  0.000  0.000  1.299  0.518  0.000  0.843  2.486  7.047  0.899  0.497
  1.501  0.000  0.000  0.626  0.616  0.000  0.000  0.821  2.773  1.057  0.821
  0.823  0.000  0.000  0.345  0.813  0.000  0.276  0.000  1.233  0.634  1.789
  0.603  0.000  0.000  0.307  0.604  0.000  0.546  0.806  0.537  0.874  1.450
  0.584  0.000  0.000  0.271  0.399  0.000  0.541  0.000  0.679  0.920  0.160
  0.679  0.000  0.000  0.368  0.099  0.000  0.536  0.000  0.854  0.831  1.423
  0.526  0.000  0.000  0.100  0.490  0.000  1.062  1.567  0.684  0.611  0.627
  0.541  0.000  1.940  0.197  0.291  0.000  0.526  2.328  0.517  0.631  2.018
  0.680  0.000  8.650  0.391  0.769  0.000  0.261  0.000  0.601  0.834  1.230
  0.654  0.000 13.333  0.355  0.190  0.000  0.258  0.000  0.595  0.826  1.067
  0.828  1.887  9.437  0.128  0.377  0.000  0.256  0.755  1.006  0.845  1.510
  1.240  4.442  2.805  0.476  1.029  0.000  0.000  0.748  1.891  0.735  1.047
  2.282 10.426  3.707  0.408  0.371  0.000  0.000  1.483  4.277  0.930  0.890
  0.712  2.066  2.755  0.125  0.459  0.000  0.498  0.000  0.895  0.772  1.029
  0.644  3.413  1.820  0.123  1.001  0.000  0.247  1.456  0.469  0.913  0.583
  0.657  0.000  0.902  0.336  0.812  0.000  0.979  1.443  0.630  0.734  1.732
  0.785  0.000  0.000  0.515  0.536  0.000  2.425  0.000  0.690  1.043  1.574
  0.669  0.000  0.000  0.511  0.709  0.000  2.163  0.000  0.505  0.889  1.276
  0.681  0.000  0.000  1.072  0.527  0.000  1.191  0.703  0.436  0.762  0.984
  0.954  0.000  0.000  1.948  0.784  0.000  2.125  2.090  0.448  0.827  1.533
  1.891  0.000  0.000  5.882  0.777  0.000  1.171  2.762  0.667  1.241  1.105
  1.158  0.000  0.000  1.712  0.856  0.000  1.160  1.369  1.070  0.952  1.917
  1.275  0.000  0.000  1.035  0.679  0.000  0.460  0.000  1.903  1.058  0.950
  1.819  0.000  0.000  0.513  0.673  0.000  0.912  1.346  3.727  0.844  1.077
  0.692  0.000  0.000  0.311  0.751  0.000  0.000  0.667  0.828  0.837  1.334
  0.591  0.000  0.000  0.112  0.910  0.000  0.448  0.000  0.745  0.830  0.265
  0.613  0.000  0.000  0.139  0.246  0.000  0.000  0.656  0.633  1.156  0.918
  0.658  0.000  0.000  0.331  0.406  0.000  0.000  1.301  0.583  1.212  0.780
  0.663  0.000  0.000  0.328  0.887  0.000  0.656  0.645  0.682  0.831  1.290
  0.614  0.000  0.799  0.325  0.959  0.000  1.301  0.639  0.588  0.672  1.279
  0.593  0.000  1.585  0.349  0.793  0.000  0.215  1.268  0.598  0.817  0.380
  0.636  0.786  1.572  0.373  1.022  0.000  0.640  1.887  0.506  0.661  1.761
  0.658  0.780  2.339  0.449  0.858  0.000  0.211  1.247  0.645  0.782  0.499
  1.141  4.639  3.093  0.341  0.541  0.000  0.419  0.000  1.862  0.629  0.742
  0.777  2.684  0.000  0.364  1.150  0.000  0.208  1.227  0.719  0.894  1.104
  0.616  0.380  0.000  0.464  0.532  0.000  0.000  1.825  0.573  0.784  1.217
  0.795  0.000  0.000  0.511  0.679  0.000  1.228  0.604  0.763  1.043  1.569
  0.779  0.000  0.000  0.710  0.898  0.000  4.261  1.796  0.482  0.954  0.838
  0.783  0.000  0.000  0.755  0.891  0.000  5.032  1.188  0.464  0.966  0.475
  0.791  0.000  0.000  1.622  0.442  0.000  2.795  0.589  0.433  0.639  0.942
  2.161  0.000  0.000  7.824  1.388  0.000  0.594  0.000  0.604  0.931  0.584
  1.336  0.000  0.000  2.874  1.522  0.000  1.572  1.739  0.919  0.865  1.043
  1.095  0.000  0.000  1.876  1.222  0.000  0.000  1.150  1.004  0.721  1.725
  1.974  0.000  0.000  0.846  0.998  0.000  0.580  1.141  3.973  0.774  1.141
  0.746  0.000  0.000  0.576  1.203  0.000  1.151  1.698  0.637  0.998  0.453
  0.654  0.000  0.000  0.547  0.702  0.000  0.571  0.562  0.607  0.819  1.123
  0.654  0.000  0.000  0.425  0.766  0.000  0.189  0.557  0.525  1.096  0.892
  0.4581766E+07  0.4581766E+07
  0.000  0.000  0.000  0.000  0.000  0.000  0.000  0.000  0.000  0.000  0.000
  0.000  0.000  0.000  0.000  0.000  0.000  0.000  0.000  0.000  0.000  0.000
  0.000  0.000  0.000  0.000  0.000  0.000  0.000  0.000  0.000  0.000  0.000
  0.000  0.000  0.000  0.000  0.000  0.000  0.000  0.000  0.000  0.000  0.000
  0.000  0.000  0.000  0.000  0.000  0.000  0.000  0.000  0.000  0.000  0.000
  0.000  0.000  0.000  0.000  0.000  0.000  0.000  0.000  0.000  0.000  0.000
  0.000  0.000  0.000  0.000  0.000  0.000  0.000  0.000  0.000  0.000  0.000
  0.000  0.000  0.000  0.000  0.000  0.000  0.000  0.000  0.000  0.000  0.000
  0.000  0.000  0.000  0.000  0.000  0.000  0.000  0.000  0.000  0.000  0.000
  0.000  0.000  0.000  0.000  0.000  0.000  0.000  0.000  0.000  0.000  0.000
  2.803  0.000  0.000  0.000  0.000  0.000  0.000  0.000  0.000 11.176  0.000
  0.000  0.000  0.000  0.000  0.000  0.000  0.000  0.000  0.000  0.000  0.000
  0.000  0.000  0.000  0.000  0.000  0.000  0.000  0.000  0.000  0.000  0.000
  1.696  0.000  0.000  0.000  0.000  0.000  0.000  0.000  0.000  6.763  0.000
  0.000  0.000  0.000  0.000  0.000  0.000  0.000  0.000  0.000  0.000  0.000
  0.000  0.000  0.000  0.000  0.000  0.000  0.000  0.000  0.000  0.000  0.000
  1.136  0.000  0.000  0.000  0.000  0.000  0.000  0.000  0.000  0.000 26.713
  0.000  0.000  0.000  0.000  0.000  0.000  0.000  0.000  0.000  0.000  0.000
  0.903  0.000  0.000  0.000  0.000  0.000  0.000  0.000  0.000  3.602  0.000
  0.000  0.000  0.000  0.000  0.000  0.000  0.000  0.000  0.000  0.000  0.000
  1.472  0.000  0.000  0.000  0.000  0.000  0.000  0.000  0.000  2.933 17.307
  0.000  0.000  0.000  0.000  0.000  0.000  0.000  0.000  0.000  0.000  0.000
  0.611  0.000  0.000  0.000  0.000  0.000  0.000  0.000  0.000  2.435  0.000
  1.120  0.000  0.000  0.000  0.000  0.000  0.000  0.000  0.000  2.232 13.171
  0.000  0.000  0.000  0.000  0.000  0.000  0.000  0.000  0.000  0.000  0.000
  0.951  0.000  0.000  0.000  0.000  0.000  0.000  0.000  0.000  3.792  0.000
  1.761  0.000  0.000  0.000  0.000  0.000 17.556  0.000  0.000  1.756 20.716
  1.227  0.000  0.000  0.000  0.000  0.000  0.000 48.093  0.000  3.261  0.000
  1.142  0.000  0.000  0.000  0.000  0.000  0.000 44.778  0.000  3.036  0.000
  0.355  0.000  0.000  0.000  0.000  0.000  0.000  0.000  0.000  0.000  8.359
  0.332  0.000  0.000  0.000  0.000  0.000  0.000  0.000  0.000  1.325  0.000
  0.312  0.000  0.000  0.000  0.000  0.000  0.000  0.000  0.000  1.243  0.000
  0.000  0.000  0.000  0.000  0.000  0.000  0.000  0.000  0.000  0.000  0.000
  0.827  0.000  0.000  0.000  0.000  0.000  0.000  0.000  0.000  2.197  6.482
  0.260  0.000  0.000  0.000  0.000  0.000  0.000  0.000  0.000  1.036  0.000
  0.491  0.000  0.000  0.000  0.000  0.000  0.000  0.000  0.000  0.978  5.772
  0.929  0.000  0.000  0.000  0.000  0.000  9.255  0.000  0.000  2.776  0.000
  0.000  0.000  0.000  0.000  0.000  0.000  0.000  0.000  0.000  0.000  0.000
  0.626  0.000  0.000  0.000  0.000  0.000  0.000  0.000  0.000  0.832  9.815
  0.595  0.000  0.000  0.000  0.000  0.000  0.000  0.000  0.000  2.371  0.000
  0.189  0.000  0.000  0.000  0.000  0.000  0.000  0.000  0.000  0.752  0.000
  0.180  0.000  0.000  0.000  0.000  0.000  0.000  0.000  0.485  0.000  0.000
  0.856  0.000  0.000  0.000  0.000  0.000  0.000 20.137  0.000  2.730  0.000
  0.654  0.000  0.000  0.000  0.000  0.000 13.032  0.000  0.000  0.652  3.844
  0.156  0.000  0.000  0.000  0.000  0.000  6.226  0.000  0.000  0.000  0.000
  0.747  0.000  0.000  0.000  0.000  0.000 17.867  0.000  0.000  1.191  0.000
  1.001  0.000  0.000  0.000  0.000  0.000 17.107  0.000  0.387  1.140  3.364
  0.411  0.000  0.000  0.000  0.000  0.000  5.465  0.000  0.000  0.000  6.448
  0.920  0.000  0.000  0.000  0.000  0.000  5.242  0.000  0.355  2.097  3.093
  0.757  0.000  0.000  0.000  0.000  0.000 15.096  0.000  0.341  1.006  0.000
  0.364  0.000  0.000  0.000  0.000  0.000  0.000 14.263  0.328  0.483  0.000
  0.816  0.000  0.000  0.000  0.000  0.000  4.649  0.000  0.315  0.930  8.228
  0.898  0.000  0.000  0.000  0.000  0.000 13.420  0.000  0.000  1.789  2.639
  0.216  0.000  0.000  0.000  0.000  0.000  0.000  0.000  0.000  0.862  0.000
  0.521  0.000  0.000  0.000  0.000  0.000  0.000  0.000  0.563  0.830  2.449
  1.305  0.000  0.000  1.001  1.476  0.000  4.003 11.809  0.271  2.402  2.362
  0.969  0.000  0.000  1.931  0.000  0.000  7.725  0.000  0.262  0.772  2.279
  1.497  0.000  0.000  6.526  0.000  0.000  0.000  0.000  0.506  0.000  0.000
  1.898  0.000  0.000  7.656  0.000  0.000  0.000  0.000  0.733  0.000  2.126
  1.747  0.000  0.000  6.530  0.000  0.000  3.483  0.000  0.236  0.697  2.055
 11.491  0.000  0.000 55.582  0.000  0.000  0.000  0.000  0.000  0.674  3.975
  2.290  0.000  0.000  8.557  0.000  0.000  0.000  9.617  0.221  1.304  1.923
  1.979  0.000  0.000  6.313  0.000  0.000  0.000  9.312  0.642  1.578  0.000
  1.304  0.000  0.000  3.440  0.000  0.000  0.000  0.000  1.451  0.306  0.000
  1.115  0.000  0.000  2.593  1.093  0.000  0.000  8.743  0.603  0.593  1.749
  1.009  0.000  0.000  1.437  0.000  0.000  0.000  0.000  1.169  1.150  0.000
  0.909  0.000  0.000  1.046  0.000  0.000  0.000  0.000  1.512  0.558  0.000
  1.765  0.000  0.000  0.338  0.000  0.000  2.706  0.000  2.936  1.353  4.790
  1.582  0.000  0.000  0.328  0.000  0.000  0.000  0.000  2.672  1.314  4.651
  8.003  0.000  0.000  0.000  0.000  0.000  0.000  0.000 20.595  1.021  3.012
  1.120  0.000  0.000  0.000  0.915  0.000  0.000  0.000  2.186  0.744  1.464
  1.694  0.000  0.000  0.000  0.000  0.000  0.000  7.115  3.107  1.206  4.269
  0.824  0.000  0.000  0.000  0.000  0.000  0.000  6.920  1.431  0.704  1.384
  0.973  0.000  0.000  0.000  0.000  0.000  0.000  6.733  1.857  0.913  0.000
  0.836  0.000  0.000  0.278  0.000  0.000  0.000  0.000  1.205  1.333  0.000
  0.488  0.000  0.000  0.000  0.000  0.000  2.163  0.000  0.440  0.865  1.276
  0.476  0.000  0.000  0.000  0.777  0.000  2.107  0.000  0.429  0.211  3.729
  0.412  0.000  0.000  0.000  0.757  0.000  0.000  0.000  0.418  0.616  1.211
  0.502  0.000  0.000  0.000  0.000  0.000  0.000  0.000  0.678  0.600  2.361
  0.294  0.000  0.000  0.000  0.000  0.000  0.000  5.755  0.397  0.195  1.151
  0.430  0.000  0.000  0.000  0.000  0.000  0.000  0.000  0.516  0.951  0.000
  0.279  0.000  0.000  0.000  0.000  0.000  0.000  5.476  0.126  0.371  2.190
  0.636  0.000  0.000  0.000  0.000  0.000  1.812  5.344  0.491  0.906  3.207
  0.311  0.000  0.000  0.221  0.000  0.000  0.000  0.000  0.240  0.707  0.000
  0.650  0.000  0.000  0.216  0.637  0.000  0.000  0.000  0.468  1.209  2.038
  0.592  0.000  0.000  0.211  0.622  0.000  0.000  0.000  0.800  0.337  2.985
  0.331  0.000  0.000  0.000  0.000  0.000  0.000  0.000  0.447  0.494  0.972
  0.404  0.000  0.000  0.201  0.594  0.000  0.000  0.000  0.328  0.483  1.900
  0.513  0.000  0.000  0.197  0.000  0.000  1.574  4.644  0.320  1.102  0.000
  0.502  0.000  0.000  0.192  0.000  0.000  0.000  0.000  0.731  0.616  0.908
  0.604  0.000  0.000  0.000  0.000  0.000  0.000  4.441  0.510  0.903  3.553
  0.517  0.000  0.000  0.552  0.000  0.000  1.473  0.000  0.599  0.295  1.738
  0.542  0.000  0.000  0.360  0.531  0.000  0.000  4.251  0.488  0.576  1.700
  0.495  0.000  0.000  0.176  0.000  0.000  1.410  0.000  0.574  0.564  1.664
  1.212  0.000 20.366  0.000  0.509  0.000  0.000  0.000  1.779  1.105  2.444
  1.390  4.985 14.956  0.000  0.499  0.000  4.056  3.988  2.108  0.541  1.595
  1.063  6.103  4.883  0.000  0.000  0.000  1.324  0.000  1.795  0.397  1.562
  2.050 14.349  0.000  0.162  0.000153.053  3.891  0.000  3.254  0.778  1.531
  9.467 79.667 18.745  0.159  0.469  0.000  0.000  3.749 18.869  0.254  0.750
  2.031 29.852  0.000  0.311  0.000  0.000  0.000  0.000  2.280  0.872  2.204
  1.623 18.007  0.000  0.000  0.900  0.000  0.000  3.601  1.986  1.099  0.720
  1.021  8.827  0.000  0.000  0.441  0.000  1.197  0.000  1.379  0.718  0.706
  0.824  5.410  0.000  0.000  0.000  0.000  0.000  0.000  1.193  0.822  0.692
  0.577  0.000  0.000  0.144  0.000  0.000  1.151  0.000  0.936  0.576  0.679
  0.510  0.000  0.000  0.423  0.000  0.000  0.000  0.000  0.689  0.452  1.332
  0.445  0.000  0.000  0.554  0.000  0.000  1.108  3.268  0.526  0.332  0.000
  0.382  0.000  0.000  0.544  0.000  0.000  0.000  0.000  0.295  0.652  0.000
  0.428  0.000  0.000  0.400  0.787  0.000  0.000  0.000  0.289  0.533  1.259
  0.368  0.000  0.000  0.000  0.000  0.000  1.047  0.000  0.284  0.628  1.854
  0.490  0.000  0.000  0.514  0.379  0.000  1.028  0.000  0.279  0.514  2.427
  0.684  0.000  0.000  0.757  0.000  0.000  2.020  0.000  0.479  1.010  1.192
  0.920  0.000  0.000  1.612  1.097  0.000  2.975  0.000  0.336  0.496  4.681
  0.953  0.000  0.000  2.436  0.719  0.000  4.871  0.000  0.264  0.390  2.299
  1.320  0.000  0.000  3.589  0.353  0.000  4.786  0.000  0.324  1.244  0.565
  1.628  0.000  0.000  6.819  0.347  0.000  2.822  0.000  0.191  0.376  0.000
  1.785  0.000  0.000  6.239  0.682  0.000  4.621  0.000  0.376  0.555  2.181
  7.155  0.000  0.000 32.251  0.670  0.000  4.542  0.000  0.493  0.999  2.144
  2.195  0.000  0.000  6.475  0.329  0.000  7.145  0.000  0.969  0.893  2.635
  1.696  0.000  0.000  3.512  0.648  0.000  1.756  0.000  1.488  1.229  1.036
  1.408  0.000  0.000  2.590  0.000  0.000  2.590  2.547  1.229  1.036  2.038
  0.831  0.000  0.000  0.743  0.626  0.000  0.849  0.000  0.979  0.849  1.002
  2.724  0.000  0.000  0.418  0.616  0.000  0.000  0.000  6.569  0.501  0.986
  0.845  0.000  0.000  0.411  0.606  0.000  0.000  4.848  1.226  0.740  0.970
  0.669  0.000  0.000  0.606  0.298  0.000  0.000  0.000  0.767  0.647  1.908
  0.459  0.000  0.000  0.298  0.293  0.000  0.795  0.000  0.539  0.557  0.469
  0.609  0.000  0.000  0.391  0.289  0.000  0.000  0.000  0.637  0.861  1.386
  0.541  0.000  0.000  0.096  0.000  0.000  0.000  2.273  0.888  0.462  1.364
  0.495  0.000  0.000  0.095  0.280  0.000  0.000  0.000  0.411  0.910  1.790
  0.468  0.000  0.000  0.093  0.551  0.000  0.747  2.203  0.354  0.597  2.203
  0.406  0.000  0.000  0.184  0.000  0.000  0.735  2.169  0.349  0.515  1.735
  0.581  0.000  0.000  0.362  0.267  0.000  0.724  0.000  0.589  0.796  1.282
  0.483  0.000  0.000  0.267  0.526  0.000  0.713  0.000  0.387  0.713  1.262
  0.581  0.000  0.000  0.351  0.259  0.000  0.702  0.000  0.619  0.773  1.243
  0.434  0.000  0.000  0.259  0.255  0.000  0.692  2.041  0.657  0.277  0.408
  0.615  0.000  0.000  0.256  0.503  0.000  0.000  0.000  0.416  0.886  3.619
  0.623  0.000  2.476  0.252  0.000  0.000  0.672  0.000  0.410  1.209  1.981
  0.697  0.000  9.761  0.083  0.244  0.000  0.000  0.000  1.032  0.662  1.171
  0.720  1.202  4.810  0.000  0.240  0.000  0.000  0.000  1.194  0.457  1.924
  0.806  1.778  9.481  0.161  0.474  0.000  0.000  1.896  0.915  0.643  2.655
  1.812  8.178  0.000  0.238  0.234  0.000  1.267  3.738  3.222  0.697  2.243
  1.003  8.637  0.000  0.156  0.461  0.000  0.000  5.528  1.143  0.687  1.474
  0.819  4.542  0.000  0.000  0.000  0.000  0.000  1.817  1.002  0.801  2.543
  0.731  3.359  2.239  0.000  0.224  0.000  0.607  0.000  0.823  0.850  1.791
  0.646  0.000  0.000  0.075  0.221  0.000  0.599  1.766  0.893  0.838  1.060
  0.518  0.000  0.000  0.074  0.218  0.000  0.000  5.226  0.320  0.768  3.136
  0.803  0.000  0.000  0.218  0.859  0.000  1.747  0.000  0.829  1.223  1.031
  0.735  0.000  0.000  0.359  1.059  0.000  1.724  3.390  0.428  1.206  1.356
  0.597  0.000  0.000  0.425  0.209  0.000  0.567  3.344  0.653  0.737  0.669
  0.785  0.000  0.000  1.538  0.825  0.000  3.355  1.649  0.455  0.391  1.320
  0.844  0.000  0.000  1.862  0.407  0.000  2.758  0.000  0.598  0.441  0.976
  1.051  0.000  0.000  2.450  0.803  0.000  2.722  1.606  0.627  0.544  1.285
  1.240  0.000  0.000  3.290  0.990  0.000  0.000  0.000  0.874  0.645  0.634
  4.189  0.000  0.000 16.303  0.196  0.000  2.651  0.000  1.653  0.742  0.938
  1.903  0.000  0.000  4.644  0.386  0.000  0.000  3.088  1.738  0.890  1.235
  1.671  0.000  0.000  2.195  0.571  0.000  1.033  1.524  2.171  0.981  2.438
  1.624  0.000  0.000  1.785  0.188  0.000  2.040  4.513  2.420  0.816  1.504
  3.940  0.000  0.000  1.133  0.743  0.000  0.503  0.000  9.079  0.957  1.188
  1.272  0.000  0.000  1.056  0.733  0.000  0.994  2.933  1.820  0.994  0.880
  1.083  0.000  0.000  0.614  0.905  0.000  0.000  2.896  1.531  1.031  1.158
  0.851  0.000  0.000  0.545  0.536  0.000  0.485  1.430  1.117  0.727  2.002
  0.600  0.000  0.000  0.179  0.706  0.000  0.000  0.000  0.811  0.766  0.565
  0.593  0.000  0.000  0.355  0.523  0.000  1.891  1.395  0.641  0.520  1.395
  0.515  0.000  0.000  0.292  0.172  0.000  0.467  2.755  0.633  0.654  0.275
  0.671  0.000  1.701  0.173  0.680  0.000  0.461  2.721  0.688  0.738  2.449
  0.469  0.000  0.000  0.228  0.840  0.000  1.367  1.344  0.432  0.547  0.538
  0.486  0.000  0.000  0.000  0.498  0.000  0.450  1.328  0.519  0.720  1.328
  0.602  0.000  1.640  0.167  0.328  0.000  0.445  2.624  0.814  0.489  1.837
  0.805  1.215 12.965  0.110  0.324  0.000  0.879  1.296  0.834  0.967  1.296
  1.035  2.002 12.811  0.434  0.320  0.000  0.869  1.281  1.502  0.565  1.281
  1.152  3.165  4.748  0.215  0.791 25.321  0.429  1.266  1.746  0.815  1.266
  1.372 11.731  9.384  0.371  0.626  0.000  0.848  0.000  1.409  1.145  1.001
  4.437 34.396  7.729  0.210  0.464  0.000  0.419  0.000  8.669  0.503  0.742
  1.330 12.988  6.112  0.207  0.917 24.448  0.414  3.667  1.320  1.077  0.489
  0.791  4.154  0.000  0.205  0.151  0.000  0.000  0.000  1.166  0.696  0.483
  0.904  3.733  0.000  0.506  0.747  0.000  1.620  1.195  0.961  0.850  0.717
  0.854  0.738  0.000  0.400  0.738  0.000  1.201  1.181  0.950  0.881  2.126
  0.675  0.000  0.000  0.495  0.438  0.000  0.396  2.335  0.617  0.831  1.868
  0.805  0.000  0.000  0.832  0.577  0.000  4.305  2.309  0.557  0.665  2.309
  1.077  0.000  0.000  1.693  0.714  0.000  4.644  0.000  0.787  0.929  1.142
  0.960  0.000  0.000  1.626  0.847  0.000  3.061  0.000  0.389  1.033  2.258
  1.111  0.000  0.000  2.933  0.698  0.000  4.542  0.000  0.334  0.757  1.116
  2.432  0.000  0.000  9.311  0.414  0.000  2.620  0.000  0.584  0.823  1.104
  1.681  0.000  0.000  5.229  0.683  0.000  3.332  3.276  0.477  0.889  1.747
  1.111  0.000  0.000  3.113  0.810  0.000  1.465  3.241  0.348  0.696  1.512
  0.863  0.000  0.000  1.630  0.401  0.000  1.087  0.000  0.491  0.761  2.565
  0.539  0.000  0.000  0.627  0.529  0.000  0.717  0.000  0.292  0.752  1.480
  0.631  0.000  0.000  0.753  0.261  0.000  1.063  0.000  0.457  0.957  0.627
  0.545  0.000  0.000  0.395  0.776  0.000  0.701  0.000  0.380  0.807  1.242
  0.601  0.000  0.000  0.434  0.384  0.000  0.347  1.024  0.423  1.006  1.433
  0.568  0.000  0.000  0.429  0.127  0.000  0.000  0.000  0.372  0.996  2.026
  0.469  0.000  0.000  0.127  0.251  0.000  0.340  3.007  0.299  0.883  1.403
  0.548  0.000  0.000  0.420  0.620  0.000  0.672  0.000  0.501  0.706  0.992
  0.492  0.307  0.000  0.166  0.982  0.000  0.000  0.000  0.519  0.599  0.982
  0.694  0.607  2.429  0.247  0.486  0.000  0.659  0.971  0.938  0.692  0.777
  0.703  0.601  4.808  0.285  0.601 19.230  0.652  2.885  0.619  0.913  1.154
  0.728  1.487  2.379  0.403  0.595  0.000  0.323  0.000  0.634  0.968  1.523
  1.009  2.061  4.710  0.639  1.295  0.000  1.277  0.000  0.909  1.150  1.130
  2.379 16.028  0.000  0.198  0.816 18.651  0.632  0.000  4.093  0.885  2.052
  0.832  2.019  0.000  0.235  1.500 18.463  0.313  1.846  0.849  0.970  0.923
  0.762  2.570  0.000  0.310  0.343  0.000  0.000  0.000  0.924  0.960  0.548
  0.646  0.848  0.000  0.498  0.905  0.000  0.307  0.905  0.582  0.767  0.905
  0.670  0.840  0.000  0.304  0.560 17.917  0.607  3.583  0.618  0.911  0.896
  0.867  0.277  0.000  0.864  0.554  0.000  2.706  2.661  0.734  0.842  1.774
  0.948  0.274  0.000  1.154  0.878  0.000  5.062  0.000  0.626  0.983  1.054
  1.065  0.000  0.000  1.474  1.196  0.000  5.012  0.870  0.720  0.943  1.218
  1.164  0.000  0.000  2.007  0.538  0.000  4.380  1.723  0.831  0.964  1.206
  1.567  0.000  0.000  3.181  0.533  0.000  0.867  0.853  1.353  1.186  1.535
  3.771  0.000  0.000 14.748  0.739  0.000  1.432  1.690  1.320  0.802  0.507
  1.402  0.000  0.000  2.375  0.732  0.000  1.702  2.510  1.269  1.078  1.673
  2.706  0.000  0.000  1.861  0.518  0.000  0.843  0.829  5.314  1.039  0.995
  1.047  0.000  0.000  0.974  0.513  0.000  0.835  0.821  1.528  0.751  0.821
  0.899  0.000  0.000  0.689  0.712  0.000  0.551  1.626  1.196  0.689  1.626
  0.781  0.000  0.000  0.410  1.007  0.000  0.273  0.000  1.129  0.683  0.806
  0.801  0.000  0.000  0.507  0.898  0.000  0.271  0.798  0.990  0.703  1.915
  0.713  0.000  0.000  0.335  0.395  0.000  0.536  2.372  0.781  1.099  0.474
  0.653  0.000  0.979  0.232  0.587  0.000  0.531  0.783  0.756  0.903  0.783
  0.699  0.000  2.910  0.164  0.679  0.000  0.263  0.776  0.749  0.894  2.018
  0.765  0.000  9.611  0.261  0.481  0.000  0.000  0.000  1.025  0.808  0.769
  0.894  0.476  8.571  0.323  0.952  0.000  0.775  1.524  1.121  0.775  1.219
  1.046  2.123 10.381  0.288  0.661  0.000  0.256  0.755  1.319  1.024  1.359
  0.941  3.974  3.741  0.285  0.748  0.000  0.761  0.748  1.204  0.812  0.599
  1.740  7.877  3.707  0.408  0.649  0.000  0.503  2.224  2.726  1.056  1.631
  0.931  4.592  1.837  0.249  1.102  0.000  0.000  2.204  1.064  0.797  1.323
  0.898  2.503  2.731  0.247  0.728  0.000  0.741  0.000  1.071  0.987  1.165
  0.712  0.677  0.000  0.428  0.271  0.000  1.223  2.165  0.780  0.856  0.866
  0.906  0.000  0.894  0.697  1.252  0.000  2.182  2.146  0.888  0.897  1.145
  0.898  0.000  0.000  1.052  0.975  0.000  1.442  0.000  0.798  0.937  1.276
  0.860  0.000  0.000  1.281  0.615  0.000  1.191  0.703  0.695  1.001  0.422
  0.954  0.000  0.000  1.683  0.871  0.000  0.945  2.090  0.720  0.827  0.975
  1.697  0.000  0.000  4.594  1.036  0.000  1.171  0.691  1.190  0.749  0.967
  1.193  0.000  0.000  1.712  1.027  0.000  2.553  0.685  1.149  1.044  0.548
  1.154  0.000  0.000  1.064  1.273  0.000  0.230  1.357  1.435  1.058  0.950
  1.442  0.000  0.000  0.998  1.093  0.000  0.228  0.673  2.505  0.798  0.673
  0.766  0.000  0.000  0.424  0.751  0.000  0.452  1.334  1.012  0.769  0.934
  0.714  0.000  0.000  0.392  0.992  0.000  0.224  0.661  0.851  0.897  0.397
  0.697  0.000  0.000  0.250  0.902  0.000  0.000  0.000  0.724  1.067  1.181
  0.796  0.000  0.000  0.468  0.894  0.000  0.441  0.000  0.867  0.992  1.431
  0.691  0.000  0.000  0.273  0.967  0.000  0.219  1.290  0.534  1.224  1.161
  0.685  0.000  0.799  0.217  1.199  0.000  0.650  0.639  0.735  0.845  1.151
  0.755  0.396  1.585  0.349  1.268  0.000  0.430  1.268  0.641  1.010  1.522
  0.781  0.393  2.358  0.373  0.943  0.000  0.853  1.887  0.867  0.853  1.006
  0.790  2.339  2.339  0.317  0.702  0.000  0.634  1.247  0.659  0.994  1.871
  0.999  2.899  2.320  0.341  1.005  0.000  0.000  1.237  1.279  0.839  1.732
  0.762  1.534  0.000  0.338  1.227  0.000  0.000  2.454  0.592  1.081  1.350
  0.735  1.331  0.000  0.619  0.837  0.000  0.413  1.217  0.573  1.031  0.608
  0.821  0.377  0.000  0.614  1.056  0.000  2.046  0.000  0.596  1.064  1.811
  0.962  0.000  0.000  1.065  0.748  0.000  4.870  1.796  0.702  0.974  1.317
  0.934  0.000  0.000  1.107  1.336  0.000  3.221  1.781  0.573  1.006  1.425
  0.821  0.000  0.000  1.348  0.810  0.000  2.795  1.767  0.433  0.859  0.825
  2.131  0.000  0.000  6.685  1.242  0.000  1.188  0.584  0.859  1.268  0.818
  1.094  0.000  0.000  2.186  0.652  0.000  1.572  1.159  0.773  0.982  0.696
  0.924  0.000  0.000  1.706  0.863  0.000  0.390  1.150  0.780  0.604  1.495
  1.843  0.000  0.000  1.499  1.355  0.000  0.774  0.571  3.278  0.793  0.342
  0.732  0.000  0.000  0.576  0.495  0.000  0.192  0.000  0.767  0.998  1.019
  0.745  0.000  0.000  0.785  0.913  0.000  0.571  0.000  0.697  0.761  1.460
  0.786  0.000  0.000  0.472  0.836  0.000  0.000  1.114  0.871  1.114  0.557
